index,subject,y_true,y_pred,prob_fall
0,SA01,0,0,8.518875802110415e-06
1,SA01,0,0,1.5888015695963986e-05
2,SA01,0,0,8.55488792694814e-07
3,SA01,0,0,1.1723351889258993e-07
4,SA01,0,0,1.3589772152045043e-07
5,SA01,0,0,3.927569878214854e-07
6,SA01,0,0,3.7062525848341465e-07
7,SA01,0,0,4.084127738224197e-07
8,SA01,0,0,1.0735497824043705e-07
9,SA01,0,0,1.051192199952311e-07
10,SA01,0,0,3.40735681447768e-07
11,SA01,0,0,1.9619162117123778e-07
12,SA01,0,0,1.4651616766059306e-05
13,SA01,0,0,9.983893960452406e-07
14,SA01,0,0,1.4504585976737872e-07
15,SA01,0,0,5.855175686519942e-07
16,SA01,0,0,9.077498930309957e-08
17,SA01,0,0,1.119553530770645e-06
18,SA01,0,0,4.427111434779363e-06
19,SA01,0,0,8.556054922337353e-07
20,SA01,0,0,3.3123119465017226e-06
21,SA01,0,0,6.714137725793989e-07
22,SA01,0,0,3.7623314597112767e-07
23,SA01,0,0,3.11933399643749e-06
24,SA01,0,0,3.1026811484480277e-06
25,SA01,0,0,9.854252311924938e-07
26,SA01,0,0,7.765697773720603e-07
27,SA01,0,0,2.086898712150287e-05
28,SA01,0,0,5.040063479100354e-05
29,SA01,0,0,7.03314117345144e-06
30,SA01,0,0,3.696810153996921e-06
31,SA01,0,0,3.5247940104454756e-06
32,SA01,0,0,2.9956579510326264e-06
33,SA01,0,0,1.2038829027005704e-06
34,SA01,0,0,3.0894709652784513e-06
35,SA01,0,0,5.471566510095727e-06
36,SA01,0,0,9.076691185327945e-07
37,SA01,0,0,5.567962375607749e-07
38,SA01,0,0,1.182619485007308e-06
39,SA01,0,0,8.197145007216022e-07
40,SA01,0,0,9.307627806265373e-07
41,SA01,0,0,9.78695425146725e-06
42,SA01,0,0,0.00010791693784995005
43,SA01,0,0,7.774822734063491e-06
44,SA01,0,0,3.2918913348112255e-05
45,SA01,0,0,2.5340719730593264e-05
46,SA01,0,0,1.208832509291824e-05
47,SA01,0,0,2.9367203069341485e-07
48,SA01,0,0,2.734015879468643e-06
49,SA01,0,0,5.32014882992371e-06
50,SA01,0,0,2.5774443201953545e-06
51,SA01,0,0,6.29588685114868e-05
52,SA01,0,0,8.131856702675577e-06
53,SA01,0,0,2.1460189600475132e-05
54,SA01,0,0,7.746305527689401e-06
55,SA01,0,0,2.8672411644947715e-06
56,SA01,0,0,1.5936042473185807e-05
57,SA01,0,0,5.169578798813745e-06
58,SA01,0,0,4.955107328896702e-07
59,SA01,0,0,1.8160273612011224e-05
60,SA01,0,0,6.319477688521147e-05
61,SA01,0,0,9.330468628832023e-07
62,SA01,0,0,2.8694732918665977e-06
63,SA01,0,0,1.5629098925273865e-05
64,SA01,0,0,8.203103061532602e-05
65,SA01,0,0,2.7766343919211067e-05
66,SA01,0,0,3.2023094718169887e-06
67,SA01,0,0,1.0058390216727275e-05
68,SA01,0,0,1.4037419532542117e-05
69,SA01,0,0,0.0001785223576007411
70,SA01,0,0,0.0002522155991755426
71,SA01,0,0,0.0001906900288304314
72,SA01,0,0,2.1491505322046578e-05
73,SA01,0,0,3.877493873005733e-05
74,SA01,0,0,8.087719470495358e-05
75,SA01,0,0,0.00011025997810065746
76,SA01,0,0,0.00018802369595505297
77,SA01,0,0,1.2092464203306008e-05
78,SA01,0,0,3.0064193197176792e-05
79,SA01,0,0,3.3180640457430854e-05
80,SA01,0,0,1.4659332009614445e-05
81,SA01,0,0,7.854335126467049e-05
82,SA01,0,0,1.5693176464992575e-06
83,SA01,0,0,3.851523160847137e-06
84,SA01,0,0,1.4774874443901354e-06
85,SA01,0,0,2.6392406653030775e-05
86,SA01,0,0,5.886961389478529e-06
87,SA01,0,0,4.807544428331312e-06
88,SA01,0,0,1.6148273971339222e-06
89,SA01,0,0,1.6529340427950956e-05
90,SA01,0,0,2.3410009362123674e-06
91,SA01,0,0,3.2197642667597393e-06
92,SA01,0,0,8.524424629285932e-06
93,SA01,0,0,6.71794941808912e-06
94,SA01,0,0,2.3387843611999415e-05
95,SA01,0,0,1.722830165817868e-05
96,SA01,0,0,1.0885104529734235e-05
97,SA01,0,0,5.939763013884658e-06
98,SA01,0,0,3.85467956220964e-06
99,SA01,0,0,3.070949787797872e-06
100,SA01,0,0,2.705998440433177e-06
101,SA01,0,0,2.520935595384799e-05
102,SA01,0,0,5.9128138673258945e-05
103,SA01,0,0,2.242938535346184e-05
104,SA01,0,0,0.00014884841220919043
105,SA01,0,0,1.749871989886742e-05
106,SA01,0,0,6.582440255442634e-05
107,SA01,0,0,5.380597940529697e-06
108,SA01,0,0,1.8380802657702588e-06
109,SA01,0,0,4.088736022822559e-05
110,SA01,0,0,6.92714183969656e-06
111,SA01,0,0,2.523850889701862e-05
112,SA01,0,0,1.134741887653945e-05
113,SA01,0,0,2.68567532657471e-06
114,SA01,0,0,4.262582478986587e-06
115,SA01,0,0,1.0755085213531856e-06
116,SA01,0,0,9.454673488562548e-08
117,SA01,0,0,3.0431224331550766e-06
118,SA01,0,0,1.4938731283109519e-06
119,SA01,0,0,4.6441348899861623e-07
120,SA01,0,0,2.5847160941339098e-05
121,SA01,0,0,5.181553206057288e-06
122,SA01,0,0,1.0747294254542794e-06
123,SA01,0,0,4.6051388835621765e-07
124,SA01,0,0,4.121132803902583e-07
125,SA01,0,0,8.066857844823971e-06
126,SA01,0,0,8.937751772464253e-06
127,SA01,0,0,1.3607269693238777e-06
128,SA01,0,0,2.133074076482444e-06
129,SA01,0,0,5.478328603203408e-06
130,SA01,0,0,3.2726147765060887e-06
131,SA01,0,0,5.373854492063401e-06
132,SA01,0,0,3.4101642086170614e-05
133,SA01,0,0,6.136398951639421e-06
134,SA01,0,0,6.472530458268011e-06
135,SA01,0,0,3.8835628402011935e-06
136,SA01,0,0,1.0852555760720861e-06
137,SA01,0,0,3.1859055980021367e-06
138,SA01,0,0,8.670966167301231e-07
139,SA01,0,0,1.5491187923544203e-06
140,SA01,0,0,4.55770205007866e-05
141,SA01,0,0,2.5280571207986213e-05
142,SA01,0,0,4.31445223512128e-05
143,SA01,0,0,4.74831858809921e-06
144,SA01,0,0,9.54980350797996e-07
145,SA01,0,0,9.826034101934056e-07
146,SA01,0,0,3.955596184823662e-06
147,SA01,0,0,9.088895239983685e-06
148,SA01,0,0,5.493498065334279e-07
149,SA01,0,0,2.5027663923538057e-06
150,SA01,0,0,2.47628031502245e-06
151,SA01,0,0,1.3153297686585574e-06
152,SA01,0,0,1.0941167829514598e-06
153,SA01,0,0,9.82742108135426e-07
154,SA01,0,0,1.367367588045454e-07
155,SA01,0,0,9.025981029253671e-08
156,SA01,0,0,5.6174375373529983e-08
157,SA01,0,0,6.095391427152208e-07
158,SA01,0,0,1.127667843547897e-07
159,SA01,0,0,2.7759588761000487e-07
160,SA01,0,0,6.627396373914962e-07
161,SA01,0,0,9.700841019366635e-08
162,SA01,0,0,6.996359935840246e-09
163,SA01,0,0,1.9722715194347984e-07
164,SA01,0,0,4.164592724009708e-07
165,SA01,0,0,6.662313722927138e-08
166,SA01,0,0,9.40702378215974e-08
167,SA01,0,0,4.107705535716377e-07
168,SA01,0,0,1.1084225093327404e-07
169,SA01,0,0,1.780545346719009e-07
170,SA01,0,0,1.1572999625286684e-07
171,SA01,0,0,2.7646774469758384e-07
172,SA01,0,0,2.3542004612409073e-07
173,SA01,0,0,1.7480826386417903e-07
174,SA01,0,0,9.855408507064567e-07
175,SA01,0,0,1.0392309235385255e-07
176,SA01,0,0,4.1118366311820864e-07
177,SA01,0,0,2.004006773859146e-07
178,SA01,0,0,5.905749134171856e-08
179,SA01,0,0,1.997923106955568e-07
180,SA01,0,0,4.6267487618933956e-08
181,SA01,0,0,1.0309390319207523e-07
182,SA01,0,0,7.137633417642064e-08
183,SA01,0,0,7.625847331382829e-08
184,SA01,0,0,7.073015240166569e-07
185,SA01,0,0,5.009525594346087e-08
186,SA01,0,0,2.2567176927168475e-07
187,SA01,0,0,3.3272954169660807e-07
188,SA01,0,0,4.2699201685536536e-07
189,SA01,0,0,5.42104260148335e-07
190,SA01,0,0,1.89071911904648e-07
191,SA01,0,0,7.835613757833926e-08
192,SA01,0,0,9.288087454706329e-08
193,SA01,0,0,1.1586782022732223e-07
194,SA01,0,0,1.4171180851008103e-07
195,SA01,0,0,6.478110208263388e-07
196,SA01,0,0,2.1042104947355256e-07
197,SA01,0,0,1.5970023525824217e-07
198,SA01,0,0,3.54398906665665e-07
199,SA01,0,0,1.458724909753073e-07
200,SA01,0,0,1.196355015053996e-07
201,SA01,0,0,2.566064267739421e-07
202,SA01,0,0,1.4540594861500722e-07
203,SA01,0,0,7.184701189544285e-07
204,SA01,0,0,8.371696935682849e-08
205,SA01,0,0,2.603289317448798e-07
206,SA01,0,0,3.525428553530219e-07
207,SA01,0,0,1.483877099417441e-06
208,SA01,0,0,1.2979030827864335e-07
209,SA01,0,0,3.4254714620374216e-08
210,SA01,0,0,4.776048854182591e-07
211,SA01,0,0,1.988809685826709e-07
212,SA01,0,0,3.726856050434435e-07
213,SA01,0,0,1.0603182687418666e-07
214,SA01,0,0,1.087468959326543e-07
215,SA01,0,0,3.7407644981612975e-07
216,SA01,0,0,5.985151005916123e-07
217,SA01,0,0,7.205024985523778e-07
218,SA01,0,0,1.301460343938743e-07
219,SA01,0,0,9.592100695954286e-07
220,SA01,0,0,4.022612074550125e-07
221,SA01,0,0,3.0768637770961504e-07
222,SA01,0,0,4.773763180310198e-07
223,SA01,0,0,5.023505309509346e-07
224,SA01,0,0,7.401790185213031e-07
225,SA01,0,0,7.163656334796542e-08
226,SA01,0,0,4.711744168162113e-07
227,SA01,0,0,4.618513571585936e-07
228,SA01,0,0,5.877083140148898e-07
229,SA01,0,0,3.3090049100792385e-07
230,SA01,0,0,3.2921400361374253e-07
231,SA01,0,0,7.775340926663432e-10
232,SA01,0,0,1.8263595080725281e-09
233,SA01,0,0,2.6828317345461983e-09
234,SA01,0,0,2.464854154116125e-10
235,SA01,0,0,4.493806216032681e-09
236,SA01,0,0,2.9333480089377417e-09
237,SA01,0,0,6.015370423995137e-10
238,SA01,0,0,4.317167179301862e-10
239,SA01,0,0,2.556675982035017e-10
240,SA01,0,0,7.309483573969544e-10
241,SA01,0,0,3.675544590908686e-10
242,SA01,0,0,2.5878952314428716e-09
243,SA01,0,0,2.29869775991709e-10
244,SA01,0,0,2.467935578120972e-10
245,SA01,0,0,1.5680003129237008e-10
246,SA01,0,0,1.3458763270524088e-10
247,SA01,0,0,1.0076597334318649e-09
248,SA01,0,0,2.517111630240265e-09
249,SA01,0,0,1.3379478636110775e-09
250,SA01,0,0,6.435149635386495e-10
251,SA01,0,0,2.70014621772674e-10
252,SA01,0,0,4.999009192707682e-11
253,SA01,0,0,8.77812059152383e-11
254,SA01,0,0,5.073377828956893e-10
255,SA01,0,0,5.170272543431054e-11
256,SA01,0,0,1.975117638886026e-11
257,SA01,0,0,1.043737318795479e-09
258,SA01,0,0,8.046695754160282e-09
259,SA01,0,0,3.4187725983514383e-09
260,SA01,0,0,2.337616322733993e-09
261,SA01,0,0,4.026808664292503e-09
262,SA01,0,0,1.7957960674053197e-09
263,SA01,0,0,1.9908867610052283e-10
264,SA01,0,0,5.719979698226574e-11
265,SA01,0,0,6.399469842932604e-10
266,SA01,0,0,3.51360968098291e-10
267,SA01,0,0,2.6425888144387955e-09
268,SA01,0,0,5.194343843939464e-10
269,SA01,0,0,7.325604012287101e-10
270,SA01,0,0,6.825258136444745e-10
271,SA01,0,0,1.3485745853358821e-10
272,SA01,0,0,6.236292593442272e-10
273,SA01,0,0,1.8167832516180482e-10
274,SA01,0,0,1.3302224877165258e-09
275,SA01,0,0,8.504286719279719e-10
276,SA01,0,0,1.2257646009317114e-09
277,SA01,0,0,1.62284630178533e-09
278,SA01,0,0,4.4159728651571584e-10
279,SA01,0,0,5.052943619077155e-10
280,SA01,0,0,9.197531625204647e-11
281,SA01,0,0,1.776675473408318e-10
282,SA01,0,0,1.4977381834757608e-10
283,SA01,0,0,2.006704385992819e-10
284,SA01,0,0,1.0674010564315495e-09
285,SA01,0,0,1.7645565009161146e-08
286,SA01,0,0,3.6114946588838848e-09
287,SA01,0,0,3.801865211539024e-10
288,SA01,0,0,4.874666781340409e-10
289,SA01,0,0,9.407966627961173e-10
290,SA01,0,0,1.3544679822174999e-09
291,SA01,0,0,8.437525678139934e-10
292,SA01,0,0,4.6800083808307136e-09
293,SA01,0,0,4.933297326203956e-09
294,SA01,0,0,7.704627491555982e-10
295,SA01,0,0,1.2606141686077876e-09
296,SA01,0,0,3.444874940861098e-10
297,SA01,0,0,4.009103327096142e-10
298,SA01,0,0,1.7884197456297102e-09
299,SA01,0,0,1.0442668951782252e-09
300,SA01,0,0,4.7087858057182075e-09
301,SA01,0,0,1.9485524305196122e-09
302,SA01,0,0,1.1176563008419294e-09
303,SA01,0,0,5.513048351168948e-10
304,SA01,0,0,1.2004821581257374e-09
305,SA01,0,0,7.194403406352023e-10
306,SA01,0,0,3.272292659062259e-09
307,SA01,0,0,5.594403162945127e-09
308,SA01,0,0,8.402996076739555e-10
309,SA01,0,0,1.8970166593135218e-06
310,SA01,0,0,4.739062546832429e-07
311,SA01,0,0,1.7313735156676557e-07
312,SA01,0,0,8.474500390320827e-08
313,SA01,0,0,7.610858610007654e-10
314,SA01,0,0,1.5279443488225297e-08
315,SA01,0,0,6.911686227795144e-07
316,SA01,0,0,8.727049134904519e-06
317,SA01,0,0,7.222620723723594e-09
318,SA01,0,0,5.3590276365866885e-05
319,SA01,0,0,0.0021343121770769358
320,SA01,0,0,3.0648320716863964e-06
321,SA01,0,0,4.409364009916317e-06
322,SA01,0,0,1.7465841892772005e-06
323,SA01,0,0,1.039960011439689e-06
324,SA01,0,0,1.670889853344279e-13
325,SA01,0,0,3.0665094907789126e-09
326,SA01,0,0,2.038576599194819e-11
327,SA01,0,0,1.0362910529693181e-08
328,SA01,0,0,3.780487034532598e-08
329,SA01,0,0,1.5185302117970423e-06
330,SA01,0,0,3.123505010194094e-08
331,SA01,0,0,2.87645978147566e-08
332,SA01,0,0,1.9895846889994573e-06
333,SA01,0,0,2.692162404116516e-08
334,SA01,0,0,1.8880912833196817e-08
335,SA01,0,0,5.066518156127131e-07
336,SA01,0,0,1.833817077567801e-05
337,SA01,0,0,2.4420917270617792e-06
338,SA01,0,0,1.66460426953563e-06
339,SA01,0,0,1.5446910765604116e-05
340,SA01,0,0,1.7769288263025373e-07
341,SA01,0,0,4.978036827196775e-07
342,SA01,0,0,1.9707066201135603e-08
343,SA01,0,0,7.810566557964194e-07
344,SA01,0,0,1.8128906579054083e-12
345,SA01,0,0,1.5991879820376198e-07
346,SA01,0,0,3.686449590034613e-09
347,SA01,0,0,1.966938498298987e-06
348,SA01,0,0,5.212225095974077e-11
349,SA01,0,0,1.6148699044649106e-10
350,SA01,0,0,8.414417607127689e-06
351,SA01,0,0,2.5479215537416167e-07
352,SA01,0,0,9.05470365353267e-09
353,SA01,0,0,9.082911645030833e-10
354,SA01,0,0,8.666128231693548e-11
355,SA01,0,0,1.259583726209712e-08
356,SA01,0,0,4.5169244344833714e-08
357,SA01,0,0,3.2294665288645774e-06
358,SA01,0,0,3.2020191156334477e-06
359,SA01,0,0,0.00014657083374913782
360,SA01,0,0,3.889497577347356e-07
361,SA01,0,0,9.909667824103963e-06
362,SA01,0,0,9.043451321133489e-09
363,SA01,0,0,4.479070447871436e-09
364,SA01,0,0,1.0104142411648809e-08
365,SA01,0,0,1.6228037580390264e-08
366,SA01,0,0,2.540230354952655e-07
367,SA01,0,0,5.160389093816775e-08
368,SA01,0,0,1.0931416660753257e-08
369,SA01,0,0,7.56818696601158e-09
370,SA01,0,0,4.074062871950446e-06
371,SA01,0,0,1.9697784736649737e-08
372,SA01,0,0,4.427639588300281e-09
373,SA01,0,0,2.7664487589618147e-08
374,SA01,0,0,3.92128242765466e-07
375,SA01,0,0,2.374424548179377e-05
376,SA01,0,0,4.585203612350597e-07
377,SA01,0,0,6.053322465504607e-08
378,SA01,0,0,3.977450813152927e-09
379,SA01,0,0,1.2587547644216102e-06
380,SA01,0,0,1.215024636458395e-09
381,SA01,0,0,1.3439966917161428e-09
382,SA01,0,0,1.2376243141432042e-08
383,SA01,0,0,4.421841559576478e-09
384,SA01,0,0,3.998449756181799e-06
385,SA01,0,0,1.9042071031094565e-08
386,SA01,0,0,9.6070718047514e-10
387,SA01,0,0,2.2090619111736487e-08
388,SA01,0,0,2.0612392290786374e-06
389,SA01,0,0,2.0600430161721306e-07
390,SA01,0,0,1.7164114751722082e-07
391,SA01,0,0,9.527152400323757e-09
392,SA01,0,0,9.435631653786913e-08
393,SA01,0,0,5.1559600251493976e-06
394,SA01,0,0,3.158187382723554e-06
395,SA01,0,0,7.736898623988964e-07
396,SA01,0,0,1.578724891260208e-06
397,SA01,0,0,6.979409050700269e-08
398,SA01,0,0,1.7595993995200843e-08
399,SA01,0,0,1.4203749287844403e-09
400,SA01,0,0,1.3088700256957964e-07
401,SA01,0,0,4.4045305003237445e-06
402,SA01,0,0,1.9947162854805356e-06
403,SA01,0,0,3.0899455216726324e-10
404,SA01,0,0,8.357960012972399e-08
405,SA01,0,0,1.2755577927237027e-07
406,SA01,0,0,7.305724011530401e-06
407,SA01,0,0,6.3924709969853666e-09
408,SA01,0,0,2.192713233206689e-10
409,SA01,0,0,8.27735189418144e-12
410,SA01,0,0,1.7003147154137643e-11
411,SA01,0,0,2.474067339885977e-10
412,SA01,0,0,5.425982441131794e-10
413,SA01,0,0,4.5645884294565064e-10
414,SA01,0,0,4.410720400027657e-10
415,SA01,0,0,2.4500252937542655e-09
416,SA01,0,0,1.1679274214415614e-09
417,SA01,0,0,9.338274598036378e-11
418,SA01,0,0,2.0958106361490536e-08
419,SA01,0,0,6.865084287710488e-07
420,SA01,0,0,3.961640231864294e-06
421,SA01,0,0,1.521444119134685e-05
422,SA01,0,0,1.1335651384572487e-12
423,SA01,0,0,1.0563441094069148e-10
424,SA01,0,0,9.169238524009415e-08
425,SA01,0,0,7.705215466558002e-06
426,SA01,0,0,1.2465901921832057e-10
427,SA01,0,0,3.0033340259194574e-09
428,SA01,0,0,1.9992938415924755e-09
429,SA01,0,0,6.059555079929169e-10
430,SA01,0,0,6.994434476048639e-10
431,SA01,0,0,1.0870526007122905e-10
432,SA01,0,0,5.051074558615198e-10
433,SA01,0,0,2.9246998156651216e-09
434,SA01,0,0,3.3698306367568875e-08
435,SA01,0,0,4.8822758336175553e-11
436,SA01,0,0,1.1777774489019066e-06
437,SA01,0,0,6.8730764724023174e-06
438,SA01,0,0,1.3336980373424012e-05
439,SA01,0,0,3.8471654306704295e-07
440,SA01,0,0,3.663916045559823e-11
441,SA01,0,0,3.767217093830766e-10
442,SA01,0,0,1.97455189976381e-08
443,SA01,0,0,2.2226355156362843e-07
444,SA01,0,0,3.1737368288986545e-10
445,SA01,0,0,4.325103886149151e-10
446,SA01,0,0,3.577876606097874e-10
447,SA01,0,0,2.273296884069964e-09
448,SA01,0,0,2.61290917791257e-08
449,SA01,0,0,6.896093918129509e-09
450,SA01,0,0,1.940422933444097e-09
451,SA01,0,0,1.1001104471830558e-09
452,SA01,0,0,2.3143715225160122e-05
453,SA01,0,0,6.018031854182482e-06
454,SA01,0,0,8.091793728126628e-12
455,SA01,0,0,3.447956156699128e-11
456,SA01,0,0,1.6130727544805268e-06
457,SA01,0,0,9.106352081289515e-06
458,SA01,0,0,1.9366641970663956e-11
459,SA01,0,0,1.6445357575722852e-10
460,SA01,0,0,2.6578381162600806e-10
461,SA01,0,0,2.1881749884267165e-11
462,SA01,0,0,2.0613670770330828e-08
463,SA01,0,0,8.651734439979464e-09
464,SA01,0,0,1.4748401611086592e-08
465,SA01,0,0,9.338452927609708e-11
466,SA01,0,0,4.310140577779009e-10
467,SA01,0,0,1.1126330079491709e-08
468,SA01,0,0,3.319086516739844e-08
469,SA01,0,0,7.545486013782465e-09
470,SA01,0,0,3.4198321258172015e-11
471,SA01,0,0,2.3953974914725507e-10
472,SA01,0,0,6.501295956695685e-06
473,SA01,0,0,5.996816616971046e-05
474,SA01,0,0,1.8228896806249395e-05
475,SA01,0,0,1.5080678039680606e-08
476,SA01,0,0,9.77864829110331e-07
477,SA01,0,0,1.8726308698147065e-11
478,SA01,0,0,4.409124176874002e-09
479,SA01,0,0,7.677197572775185e-06
480,SA01,0,0,2.4014015664874933e-08
481,SA01,0,0,6.996849766238711e-10
482,SA01,0,0,1.1225294027639166e-09
483,SA01,0,0,1.2397074478087688e-09
484,SA01,0,0,1.5538118569580206e-09
485,SA01,0,0,3.490601585554032e-08
486,SA01,0,0,6.90642920631035e-08
487,SA01,0,0,2.510082879325637e-07
488,SA01,0,0,3.6859135188471726e-10
489,SA01,0,0,7.421335213031455e-10
490,SA01,0,0,3.550808713725928e-08
491,SA01,0,0,8.604143175716672e-09
492,SA01,0,0,3.2932430116261457e-09
493,SA01,0,0,2.447856639609114e-10
494,SA01,0,0,3.9304279275675924e-10
495,SA01,0,0,6.040500044601771e-11
496,SA01,0,0,1.8335436280381145e-08
497,SA01,0,0,3.1110100606746016e-10
498,SA01,0,0,5.963520344209883e-09
499,SA01,0,0,9.454367244643436e-08
500,SA01,0,0,6.0133773516213296e-09
501,SA01,0,0,3.6109986112364822e-09
502,SA01,0,0,1.5389848284641516e-09
503,SA01,0,0,6.718939293826054e-11
504,SA01,0,0,8.164862015658247e-12
505,SA01,0,0,1.1310611475190413e-10
506,SA01,0,0,1.4425829419906222e-09
507,SA01,0,0,6.166135335661238e-08
508,SA01,0,0,6.45244853103577e-08
509,SA01,0,0,4.6106288925651384e-11
510,SA01,0,0,1.977262277519376e-11
511,SA01,0,0,3.7579234168916287e-10
512,SA01,0,0,1.7510251026919832e-08
513,SA01,0,0,2.7826686267717893e-12
514,SA01,0,0,7.459537987308806e-10
515,SA01,0,0,1.3838993950798795e-08
516,SA01,0,0,7.403470903000198e-08
517,SA01,0,0,1.4231905431927316e-08
518,SA01,0,0,1.4745657472836626e-10
519,SA01,0,0,3.1664074140458354e-11
520,SA01,0,0,4.930889030418939e-09
521,SA01,0,0,3.3178661207333704e-11
522,SA01,0,0,7.325929196611014e-09
523,SA01,0,0,1.2888093579022097e-06
524,SA01,0,0,2.061982286249986e-06
525,SA01,0,0,9.892919816678614e-10
526,SA01,0,0,5.949701842311583e-10
527,SA01,0,0,2.5332308473124954e-10
528,SA01,0,0,1.7818703110239476e-11
529,SA01,0,0,3.128942634503251e-12
530,SA01,0,0,1.3687443924936815e-06
531,SA01,0,0,1.4878056390443817e-05
532,SA01,0,0,7.221549225278068e-08
533,SA01,0,0,3.564573636261059e-10
534,SA01,0,0,5.704533512229659e-10
535,SA01,0,0,8.951095509246443e-08
536,SA01,0,0,4.751704363314957e-09
537,SA01,0,0,0.0016108389245346189
538,SA01,0,0,0.031069157645106316
539,SA01,0,0,0.022817855700850487
540,SA01,0,0,7.734458629116148e-10
541,SA01,0,0,2.965690137912702e-09
542,SA01,0,0,1.3612795335404826e-09
543,SA01,0,0,3.509764978648633e-10
544,SA01,0,0,2.8109008583200243e-14
545,SA01,0,0,6.6672969228909196e-12
546,SA01,0,0,2.0655947707837186e-07
547,SA01,0,0,3.803541176239378e-06
548,SA01,0,0,3.0094281555648195e-06
549,SA01,0,0,1.2425528383985807e-09
550,SA01,0,0,2.97958949180277e-11
551,SA01,0,0,2.4856871050360496e-07
552,SA01,0,0,9.97622557480371e-12
553,SA01,0,0,4.674702225315741e-08
554,SA01,0,0,1.0608300726744346e-05
555,SA01,0,0,4.575891580316238e-06
556,SA01,0,0,6.550017195294799e-10
557,SA01,0,0,7.960013204133531e-11
558,SA01,0,0,1.9323600497500593e-09
559,SA01,0,0,3.019746941390622e-07
560,SA01,0,0,9.285257329997524e-15
561,SA01,0,0,4.348622969965049e-13
562,SA01,0,0,1.7955834437088924e-06
563,SA01,0,0,1.571069151395932e-05
564,SA01,0,0,2.3014990802039392e-08
565,SA01,0,0,1.0103588105048189e-11
566,SA01,0,0,6.072617964036908e-10
567,SA01,0,0,7.646368089808675e-07
568,SA01,0,0,3.57437421882878e-08
569,SA01,0,0,7.622103566973237e-06
570,SA01,0,0,0.0002711217966862023
571,SA01,0,0,3.5897949146601604e-07
572,SA01,0,0,2.12144080080634e-09
573,SA01,0,0,1.3772971669823164e-06
574,SA01,0,0,8.4031288594133e-09
575,SA01,0,0,1.0946783063348065e-10
576,SA01,0,0,3.9602441334954386e-13
577,SA01,0,0,5.063962027485047e-10
578,SA01,0,0,2.5747223730832047e-07
579,SA01,0,0,9.090597785643695e-08
580,SA01,0,0,1.2888816058875818e-07
581,SA01,0,0,2.7786072109847737e-07
582,SA01,0,0,4.6291359634409446e-10
583,SA01,0,0,5.741033462427353e-14
584,SA01,0,0,8.813733074930497e-06
585,SA01,0,0,1.7620559178421757e-10
586,SA01,0,0,2.274199232488172e-06
587,SA01,0,0,6.376647797878832e-05
588,SA01,0,0,7.120648888303549e-07
589,SA01,0,0,4.417266552536603e-08
590,SA01,0,0,1.4599258690850547e-07
591,SA01,0,0,1.915777225747206e-08
592,SA01,0,0,8.22426773083862e-06
593,SA01,0,0,7.256380826076159e-13
594,SA01,0,0,0.00018386711599305272
595,SA01,0,0,1.1645083759503905e-05
596,SA01,0,0,3.5697351563612756e-07
597,SA01,0,0,3.116512914402847e-08
598,SA01,0,0,3.5746792192981047e-09
599,SA01,0,0,1.111233067369044e-12
600,SA01,0,0,7.329901450248144e-07
601,SA01,0,0,2.2442482361384464e-07
602,SA01,0,0,0.0009551793918944895
603,SA01,0,0,0.0003165174857713282
604,SA01,0,0,2.993573673393257e-07
605,SA01,0,0,2.616266101540532e-07
606,SA01,0,0,5.126763653606758e-07
607,SA01,0,0,1.8292366732453047e-08
608,SA01,0,0,0.00423405971378088
609,SA01,0,0,8.611432456007151e-09
610,SA01,0,0,4.264711037649249e-07
611,SA01,0,0,1.0489485475773108e-06
612,SA01,0,0,1.5218887483570143e-08
613,SA01,0,0,1.1866742311017475e-10
614,SA01,0,0,3.3207833184667468e-12
615,SA01,0,0,1.3941853144780036e-14
616,SA01,0,0,5.50567165191751e-05
617,SA01,0,0,5.407455319073051e-06
618,SA01,0,0,1.5881669241935015e-05
619,SA01,0,0,2.2205185246093606e-08
620,SA01,0,0,7.245870028114998e-13
621,SA01,0,0,7.921844430436309e-11
622,SA01,0,0,4.448200030537919e-09
623,SA01,0,0,5.583399298458858e-10
624,SA01,0,0,9.318533557234332e-06
625,SA01,0,0,9.068716888549488e-10
626,SA01,0,0,3.6995820096308307e-07
627,SA01,0,0,2.014133133343421e-05
628,SA01,0,0,4.420045570441289e-06
629,SA01,0,0,7.068954310796016e-09
630,SA01,0,0,9.922290544750467e-09
631,SA01,0,0,1.8563593995324368e-09
632,SA01,0,0,2.9496927567151943e-08
633,SA01,0,0,3.6177151940819385e-08
634,SA01,0,0,0.00013612171460408717
635,SA01,0,0,3.4558865991130006e-06
636,SA01,0,0,7.190648521060439e-09
637,SA01,0,0,2.392219478064561e-10
638,SA01,0,0,5.2621705604050106e-11
639,SA01,0,0,3.218446620323334e-09
640,SA01,0,0,2.5712525794104437e-15
641,SA01,0,0,3.6770316000911407e-06
642,SA01,0,0,6.511297101496893e-07
643,SA01,0,0,6.2964145399746485e-06
644,SA01,0,0,1.640988872564364e-10
645,SA01,0,0,6.63764154751334e-09
646,SA01,0,0,4.811059189924194e-11
647,SA01,0,0,5.159385452202514e-08
648,SA01,0,0,4.622097815598636e-09
649,SA01,0,0,9.223557247833858e-13
650,SA01,0,0,1.6620156362279204e-09
651,SA01,0,0,7.892549547250383e-07
652,SA01,0,0,2.0684591817143883e-09
653,SA01,0,0,1.6024696236627278e-08
654,SA01,0,0,2.637418816675563e-08
655,SA01,0,0,2.0892855445708847e-07
656,SA01,0,0,1.9236703701318303e-13
657,SA01,0,0,2.628077063696749e-13
658,SA01,0,0,1.9291771684911557e-14
659,SA01,0,0,0.0013331706868484616
660,SA01,0,0,0.00011704227654263377
661,SA01,0,0,3.802818736992064e-12
662,SA01,0,0,8.486717578692904e-11
663,SA01,0,0,8.385097061136548e-10
664,SA01,0,0,2.9823498813759397e-13
665,SA01,0,0,2.2475972905749986e-12
666,SA01,0,0,3.378124060864074e-13
667,SA01,0,0,2.9218576855782885e-06
668,SA01,0,0,0.005854702088981867
669,SA01,0,0,0.00017888820730149746
670,SA01,0,0,1.347760747449911e-08
671,SA01,0,0,4.1614929280342494e-09
672,SA01,0,0,3.066498660900252e-12
673,SA01,0,0,2.241235842748157e-12
674,SA01,0,0,3.6192381556998665e-13
675,SA01,0,0,5.105122546922303e-09
676,SA01,0,0,6.515889253932983e-05
677,SA01,0,0,5.082802512212936e-10
678,SA01,0,0,6.362200349885327e-11
679,SA01,0,0,1.6298529192937394e-10
680,SA01,0,0,2.5512991719267575e-09
681,SA01,0,0,1.4687601829210806e-11
682,SA01,0,0,5.038742165197618e-05
683,SA01,0,0,0.005657619331032038
684,SA01,0,0,2.3441920626865453e-10
685,SA01,0,0,4.806549047664532e-10
686,SA01,0,0,1.4762268074619556e-09
687,SA01,0,0,7.161713444503448e-09
688,SA01,0,1,0.8677366375923157
689,SA01,0,0,0.017137840390205383
690,SA01,0,0,1.7635323956710636e-06
691,SA01,0,0,0.000515779189299792
692,SA01,0,0,0.005343800410628319
693,SA01,0,0,0.00018665933748707175
694,SA01,0,0,6.192511500557885e-05
695,SA01,0,0,9.022948688652832e-06
696,SA01,0,0,0.056665144860744476
697,SA01,0,0,4.808617632079404e-06
698,SA01,0,0,2.4021796889428515e-06
699,SA01,0,0,0.0014190172078087926
700,SA01,0,0,0.0002642620529513806
701,SA01,0,0,1.636705746932421e-05
702,SA01,0,0,4.580953827826306e-05
703,SA01,0,0,0.1329270899295807
704,SA01,0,0,0.1655314564704895
705,SA01,0,0,0.00011091228952864185
706,SA01,0,0,1.1902605365321506e-05
707,SA01,0,0,0.00043218338396400213
708,SA01,0,0,5.7039720559259877e-05
709,SA01,0,0,8.020495442906395e-06
710,SA01,0,0,1.2387505421429523e-06
711,SA01,0,0,0.025812920182943344
712,SA01,0,0,0.03736897557973862
713,SA01,0,0,6.998053140705451e-05
714,SA01,0,0,6.20876089669764e-05
715,SA01,0,0,0.015546698123216629
716,SA01,0,0,0.026669040322303772
717,SA01,0,0,0.0003059676382690668
718,SA01,0,0,4.4746329308509303e-07
719,SA01,0,0,3.797366865398999e-09
720,SA01,0,0,0.002044381806626916
721,SA01,0,0,2.956327627146038e-08
722,SA01,0,0,4.288421223463956e-06
723,SA01,0,0,0.0001510001893620938
724,SA01,0,0,3.4316759411012754e-05
725,SA01,0,0,1.88061996531097e-11
726,SA01,0,0,9.660483328843839e-07
727,SA01,0,0,0.00012874524691142142
728,SA01,0,0,0.0001675635576248169
729,SA01,0,0,1.9687923513700412e-10
730,SA01,0,0,1.2985655883923641e-09
731,SA01,0,0,1.1014215317572962e-07
732,SA01,0,0,1.495182289090735e-08
733,SA01,0,0,1.921968504348115e-07
734,SA01,0,0,0.0002514077059458941
735,SA01,0,0,0.0008109176997095346
736,SA01,0,0,0.0032001659274101257
737,SA01,0,0,9.101822939783233e-08
738,SA01,0,0,6.640076207986567e-06
739,SA01,0,0,0.0007833115523681045
740,SA01,0,0,0.00012838076509069651
741,SA01,0,0,7.508148769375111e-08
742,SA01,0,0,3.0658484320156276e-05
743,SA01,0,0,0.0025305694434791803
744,SA01,0,0,0.0039730132557451725
745,SA01,0,0,3.562232961940026e-07
746,SA01,0,0,1.6295115301545593e-06
747,SA01,0,0,0.0017783796647563577
748,SA01,0,0,0.0028865395579487085
749,SA01,0,0,1.5306475233956007e-06
750,SA01,0,0,8.379712923556326e-09
751,SA01,0,0,0.0002336608013138175
752,SA01,0,0,0.023768853396177292
753,SA01,0,0,9.507078857495799e-08
754,SA01,0,0,5.1934333896497265e-05
755,SA01,0,0,0.001937385997734964
756,SA01,0,0,3.604751327657141e-05
757,SA01,0,0,5.427908122968006e-10
758,SA01,0,0,0.0009889492066577077
759,SA01,0,0,0.003702789079397917
760,SA01,0,0,0.012843111529946327
761,SA01,0,0,0.002956682350486517
762,SA01,0,0,2.8153314701739873e-07
763,SA01,0,0,0.009730161167681217
764,SA01,0,0,0.03466256335377693
765,SA01,0,0,0.005362749099731445
766,SA01,0,0,5.198382950766245e-07
767,SA01,0,0,0.0010134613839909434
768,SA01,0,0,0.0001185668443213217
769,SA01,0,0,2.8882197966595413e-07
770,SA01,0,0,6.4518057563134334e-09
771,SA01,0,0,6.264062540140003e-05
772,SA01,0,0,0.006660856306552887
773,SA01,0,0,4.60433257103432e-05
774,SA01,0,0,5.050183560229016e-08
775,SA01,0,0,0.006022393703460693
776,SA01,0,0,0.0017503683920949697
777,SA01,0,0,0.000246287789195776
778,SA01,0,0,7.416473124521872e-08
779,SA01,0,0,1.9588367194955936e-06
780,SA01,0,0,0.0006263855029828846
781,SA01,0,0,1.5568226444884203e-05
782,SA01,0,0,1.9556043451274263e-09
783,SA01,0,0,0.0009245088440366089
784,SA01,0,0,0.001070384867489338
785,SA01,0,0,2.8989654310862534e-05
786,SA01,0,0,2.2441474357037805e-05
787,SA01,0,0,0.0004404463106766343
788,SA01,0,0,0.023124387487769127
789,SA01,0,0,0.0010684883454814553
790,SA01,0,0,1.3858539205102716e-08
791,SA01,0,0,1.0935170394077431e-05
792,SA01,0,0,0.006607650313526392
793,SA01,0,0,0.0022937962785363197
794,SA01,0,0,7.476833161490504e-06
795,SA01,0,0,2.684476285708115e-08
796,SA01,0,0,1.2617473430509563e-06
797,SA01,0,0,3.1550414405501215e-06
798,SA01,0,0,2.5006429495988414e-05
799,SA01,0,0,0.005922941491007805
800,SA01,0,0,0.005003257654607296
801,SA01,0,0,0.003962439019232988
802,SA01,0,0,0.000769090314861387
803,SA01,0,0,8.427998182014562e-06
804,SA01,0,0,0.0008349553681910038
805,SA01,0,0,0.0010974250035360456
806,SA01,0,0,0.011711345985531807
807,SA01,0,0,0.00662976922467351
808,SA01,0,0,1.454910592002534e-08
809,SA01,0,0,2.626742989786379e-10
810,SA01,0,0,1.4617105303926792e-09
811,SA01,0,0,1.608534139219131e-10
812,SA01,0,0,1.2914511127171124e-10
813,SA01,0,0,3.744145882222938e-09
814,SA01,0,0,1.2250779817674085e-12
815,SA01,0,0,6.475932528941797e-13
816,SA01,0,0,4.82757559439051e-06
817,SA01,0,0,2.857947833945218e-08
818,SA01,0,0,2.7563543082090997e-14
819,SA01,0,0,3.0000349426906325e-10
820,SA01,0,0,7.577810379189032e-08
821,SA01,0,0,1.7222881069756113e-05
822,SA01,0,0,2.4442510948574636e-07
823,SA01,0,0,1.1516030795633014e-08
824,SA01,0,0,2.0762093433379647e-10
825,SA01,0,0,4.941942410852107e-09
826,SA01,0,0,1.6904501762837754e-06
827,SA01,0,0,3.247977019782411e-06
828,SA01,0,0,1.9740349355146236e-09
829,SA01,0,0,8.879232460401454e-09
830,SA01,0,0,1.4266564676290727e-06
831,SA01,0,0,1.5838410035939887e-05
832,SA01,0,0,7.773826382617699e-07
833,SA01,0,0,4.1700625591500895e-11
834,SA01,0,0,2.359459472245362e-08
835,SA01,0,0,1.675315441929115e-10
836,SA01,0,0,3.0565544761884667e-08
837,SA01,0,0,7.083598152490822e-09
838,SA01,0,0,2.46539247350519e-12
839,SA01,0,0,1.724672786312595e-13
840,SA01,0,0,1.698049118203926e-06
841,SA01,0,0,1.326988963157305e-09
842,SA01,0,0,6.538823260626714e-09
843,SA01,0,0,3.2900256883294787e-06
844,SA01,0,0,1.6395785840117583e-09
845,SA01,0,0,2.3281319580514825e-11
846,SA01,0,0,2.1801215055461398e-08
847,SA01,0,0,2.397798214322233e-13
848,SA01,0,0,5.989102191961138e-07
849,SA01,0,0,7.128787338217535e-09
850,SA01,0,0,5.4769159874012985e-08
851,SA01,0,0,1.773874487298599e-07
852,SA01,0,0,0.00016820966266095638
853,SA01,0,0,6.496391620203212e-07
854,SA01,0,0,1.6129723334756818e-08
855,SA01,0,0,1.798103710370924e-08
856,SA01,0,0,4.9468397378404916e-08
857,SA01,0,0,2.6743213865643156e-08
858,SA01,0,0,1.046696329609631e-08
859,SA01,0,0,2.014665187743958e-05
860,SA01,0,0,1.0724860430855188e-06
861,SA01,0,0,1.1989516224275576e-06
862,SA01,0,0,2.430019208077283e-08
863,SA01,0,0,1.3380358154790883e-07
864,SA01,0,0,7.591322059852246e-08
865,SA01,0,0,1.720180335951227e-07
866,SA01,0,0,1.7998296186760854e-08
867,SA01,0,0,1.4670551706785773e-07
868,SA01,0,0,1.1482587325417626e-07
869,SA01,0,0,3.0671390049974434e-06
870,SA01,0,0,1.0388880156142477e-07
871,SA01,0,0,1.1448024750393415e-09
872,SA01,0,0,8.078516344767195e-08
873,SA01,0,0,9.422696400918085e-09
874,SA01,0,0,3.064813514086495e-09
875,SA01,0,0,8.874177781503789e-11
876,SA01,0,0,9.04155417202901e-09
877,SA01,0,0,7.384978406577147e-09
878,SA01,0,0,1.8481182806340257e-08
879,SA01,0,0,4.338369663514641e-08
880,SA01,0,0,6.302400379354367e-08
881,SA01,0,0,5.3576513892039657e-08
882,SA01,0,0,2.479588602000149e-06
883,SA01,0,0,3.917252300311702e-08
884,SA01,0,0,3.815181116806343e-06
885,SA01,0,0,1.6074264408416639e-07
886,SA01,0,0,1.3148879762781007e-09
887,SA01,0,0,8.742839341380204e-09
888,SA01,0,0,3.119179746136069e-05
889,SA01,0,0,3.7114434235263616e-05
890,SA01,0,0,1.2682402257269132e-06
891,SA01,0,0,5.063797714477403e-10
892,SA01,0,0,3.493991940217711e-08
893,SA01,0,0,6.384677362802904e-06
894,SA01,0,0,1.163590326314079e-07
895,SA01,0,0,1.759780843713088e-06
896,SA01,0,0,4.975387128069997e-06
897,SA01,0,0,1.6649757981213043e-06
898,SA01,0,0,1.049815665510323e-07
899,SA01,0,0,1.875983883792287e-07
900,SA01,0,0,3.12422271235846e-05
901,SA01,0,0,0.054164595901966095
902,SA01,0,0,5.586626343756507e-07
903,SA01,0,0,7.070747233228758e-05
904,SA01,0,0,9.540464088786393e-05
905,SA01,0,0,0.00010416355507913977
906,SA01,0,0,0.00021258996275719255
907,SA01,0,0,0.00010616522195050493
908,SA01,0,0,6.663903604930965e-06
909,SA01,0,0,2.3197939924557431e-07
910,SA01,0,0,3.687886263037399e-08
911,SA01,0,0,1.5744979464216158e-05
912,SA01,0,0,5.134086222824408e-06
913,SA01,0,0,6.523031004235236e-08
914,SA01,0,0,5.724921834371344e-07
915,SA01,0,0,6.384303219419962e-07
916,SA01,0,0,2.3056395548337605e-06
917,SA01,0,0,4.0035604342847364e-07
918,SA01,0,0,3.0572431342079653e-07
919,SA01,0,0,0.0009088169317692518
920,SA01,0,0,0.00021030736388638616
921,SA01,0,0,3.121973804809386e-06
922,SA01,0,0,0.00019856667495332658
923,SA01,0,0,0.00019578257342800498
924,SA01,0,0,0.00056634028442204
925,SA01,0,0,0.00039438006933778524
926,SA01,0,0,0.0005831767921335995
927,SA01,0,0,1.4727936203939862e-08
928,SA01,0,0,1.389421822040049e-08
929,SA01,0,0,3.145841674268013e-06
930,SA01,0,0,1.7707077859085985e-05
931,SA01,0,0,6.677656188003311e-07
932,SA01,0,0,1.466758294554893e-05
933,SA01,0,0,1.3157388821127824e-05
934,SA01,0,0,8.907161827664822e-06
935,SA01,0,0,1.1495192211441463e-06
936,SA01,0,0,5.466636210371689e-08
937,SA01,0,0,1.5895002434263006e-05
938,SA01,0,0,1.7405351172783412e-05
939,SA01,0,0,1.662481707853658e-09
940,SA01,0,0,2.926653905888088e-05
941,SA01,0,0,6.843089795438573e-05
942,SA01,0,0,0.0003763815911952406
943,SA01,0,0,7.865997758926824e-05
944,SA01,0,0,3.2118059607455507e-06
945,SA01,0,0,2.6167404030275065e-06
946,SA01,0,0,9.06559216673486e-06
947,SA01,0,0,0.0002897586382459849
948,SA01,0,0,0.0001422266650479287
949,SA01,0,0,2.023172555709607e-06
950,SA01,0,0,8.615636033937335e-05
951,SA01,0,0,0.00020675535779446363
952,SA01,0,0,8.7104388512671e-05
953,SA01,0,0,5.6357592256972566e-05
954,SA01,0,0,0.00017923992709256709
955,SA01,0,0,0.000611022871453315
956,SA01,0,0,0.0009332030895166099
957,SA01,0,0,5.14663515787106e-05
958,SA01,0,0,2.504853364371229e-05
959,SA01,0,0,0.0005433052428998053
960,SA01,0,0,0.0009447608608752489
961,SA01,0,0,0.001199844991788268
962,SA01,0,0,0.0007525477558374405
963,SA01,0,0,2.893107375712134e-05
964,SA01,0,0,1.01551013358403e-05
965,SA01,0,0,0.0012879904825240374
966,SA01,0,0,0.0032697063870728016
967,SA01,0,0,0.0003392361104488373
968,SA01,0,0,1.4231247860152507e-06
969,SA01,0,0,5.297521420288831e-05
970,SA01,0,0,5.134546881890856e-05
971,SA01,0,0,7.60652028475306e-06
972,SA01,0,0,9.913203030009754e-06
973,SA01,0,0,0.006716780364513397
974,SA01,0,0,0.009773044846951962
975,SA01,0,0,3.0168219382176176e-05
976,SA01,0,0,0.00010964336979668587
977,SA01,0,0,0.001733556971885264
978,SA01,0,0,7.816775138280718e-08
979,SA01,0,0,2.746666505348827e-10
980,SA01,0,0,8.120867391880893e-07
981,SA01,0,0,8.40691791381687e-06
982,SA01,0,0,5.806807621411281e-07
983,SA01,0,0,5.861489285052812e-07
984,SA01,0,0,3.568373472262465e-07
985,SA01,0,0,9.354598518029889e-08
986,SA01,0,0,3.397877257338422e-10
987,SA01,0,0,6.142632624772659e-09
988,SA01,0,0,5.186488749586715e-08
989,SA01,0,0,6.946923036821318e-08
990,SA01,0,0,8.747071400527773e-10
991,SA01,0,0,4.736125902127242e-06
992,SA01,0,0,2.3761028842272935e-06
993,SA01,0,0,1.5527158438999322e-06
994,SA01,0,0,2.4089940708904578e-08
995,SA01,0,0,6.10706294423835e-08
996,SA01,0,0,1.6490510290623206e-08
997,SA01,0,0,6.229614157859942e-09
998,SA01,0,0,1.4962656678108033e-06
999,SA01,0,0,2.9785041988361627e-05
1000,SA01,0,0,4.501271888557312e-08
1001,SA01,0,0,1.5261143460065796e-07
1002,SA01,0,0,9.142728885080942e-08
1003,SA01,0,0,3.0752499213804185e-08
1004,SA01,0,0,3.2785069103979936e-10
1005,SA01,0,0,9.654183702467733e-11
1006,SA01,0,0,2.355910874030087e-05
1007,SA01,0,0,0.00023142810096032917
1008,SA01,0,0,9.500043347543397e-07
1009,SA01,0,0,1.0060221100616218e-08
1010,SA01,0,0,1.225718460062808e-08
1011,SA01,0,0,4.392833830024756e-08
1012,SA01,0,0,5.3322758535034875e-12
1013,SA01,0,0,4.198024043944315e-07
1014,SA01,0,0,3.65564733328938e-06
1015,SA01,0,0,3.239807710997411e-08
1016,SA01,0,0,5.425418407867255e-07
1017,SA01,0,0,1.0114174386899322e-07
1018,SA01,0,0,6.252796891370593e-11
1019,SA01,0,0,7.683931269042432e-11
1020,SA01,0,0,4.626765550547196e-12
1021,SA01,0,0,3.57645579818211e-11
1022,SA01,0,0,1.7296556548140885e-11
1023,SA01,0,0,1.8356385747368698e-13
1024,SA01,0,0,2.3354356846311784e-14
1025,SA01,0,0,6.063002747427881e-13
1026,SA01,0,0,4.671909560605148e-13
1027,SA01,0,0,5.041655461168748e-12
1028,SA01,0,0,4.2167175307028515e-10
1029,SA01,0,0,1.7772497883095095e-12
1030,SA01,0,0,6.131787438912184e-11
1031,SA01,0,0,4.1573081782653176e-11
1032,SA01,0,0,3.74028167108003e-14
1033,SA01,0,0,5.1327797806303976e-14
1034,SA01,0,0,2.4952486299412158e-08
1035,SA01,0,0,2.0534537958916133e-10
1036,SA01,0,0,4.308131806851634e-08
1037,SA01,0,0,4.050799544972131e-15
1038,SA01,0,0,1.199152973099804e-12
1039,SA01,0,0,1.584770856211115e-11
1040,SA01,0,0,1.0291211242560716e-12
1041,SA01,0,0,2.951504492199053e-12
1042,SA01,0,0,1.2993935354782549e-12
1043,SA01,0,0,6.2877879986045215e-12
1044,SA01,0,0,8.044133359419448e-09
1045,SA01,0,0,1.3511677128714983e-13
1046,SA01,0,0,2.8149623813021087e-14
1047,SA01,0,0,2.336231035016123e-12
1048,SA01,0,0,2.899848793962823e-16
1049,SA01,0,0,7.083738655470082e-15
1050,SA01,0,0,1.6543807435098756e-09
1051,SA01,0,0,1.0603237038386837e-12
1052,SA01,0,0,1.3306792334688566e-09
1053,SA01,0,0,3.8817857261896904e-10
1054,SA01,0,0,2.743704596852581e-09
1055,SA01,0,0,3.270917675710257e-14
1056,SA01,0,0,7.981204586116064e-11
1057,SA01,0,0,1.2277880101496663e-10
1058,SA01,1,1,0.9999959468841553
1059,SA01,1,1,0.9999985694885254
1060,SA01,1,1,0.9999972581863403
1061,SA01,1,1,0.999992847442627
1062,SA01,1,1,0.9999998807907104
1063,SA01,1,1,1.0
1064,SA01,1,1,0.9999998807907104
1065,SA01,1,1,1.0
1066,SA01,1,1,0.9999998807907104
1067,SA01,1,1,0.9999998807907104
1068,SA01,1,1,0.9999979734420776
1069,SA01,1,1,0.9999994039535522
1070,SA01,1,1,0.9999998807907104
1071,SA01,1,1,0.9999998807907104
1072,SA01,1,1,1.0
1073,SA01,1,1,1.0
1074,SA01,1,1,0.9999995231628418
1075,SA01,1,1,1.0
1076,SA01,1,1,1.0
1077,SA01,1,1,1.0
1078,SA01,1,1,0.9999581575393677
1079,SA01,1,1,0.9999943971633911
1080,SA01,1,1,0.9999974966049194
1081,SA01,1,1,0.9999880790710449
1082,SA01,1,1,0.9999788999557495
1083,SA01,1,1,1.0
1084,SA01,1,1,1.0
1085,SA01,1,1,0.9999638795852661
1086,SA01,1,1,0.9999912977218628
1087,SA01,1,1,0.9999949932098389
1088,SA01,1,1,1.0
1089,SA01,1,1,1.0
1090,SA01,1,1,1.0
1091,SA01,1,1,0.9999997615814209
1092,SA01,1,1,0.9999995231628418
1093,SA01,1,1,1.0
1094,SA01,1,1,0.9999990463256836
1095,SA01,1,1,0.9999992847442627
1096,SA01,1,1,0.9999992847442627
1097,SA01,1,1,0.9999990463256836
1098,SA01,1,1,0.9999985694885254
1099,SA01,1,1,0.9999998807907104
1100,SA01,1,1,0.9999996423721313
1101,SA01,1,1,0.9999994039535522
1102,SA01,1,1,0.999985933303833
1103,SA01,1,1,0.9999980926513672
1104,SA01,1,1,0.9999973773956299
1105,SA01,1,1,0.9999996423721313
1106,SA01,1,1,0.9999994039535522
1107,SA01,1,1,0.9999994039535522
1108,SA01,1,1,0.9999972581863403
1109,SA01,1,1,0.9999985694885254
1110,SA01,1,1,0.9999991655349731
1111,SA01,1,1,0.9999995231628418
1112,SA01,1,1,0.9999873638153076
1113,SA01,1,1,0.998773992061615
1114,SA01,1,1,0.9999850988388062
1115,SA01,1,1,0.9999672174453735
1116,SA01,1,1,0.9999619722366333
1117,SA01,1,1,0.9999721050262451
1118,SA01,1,1,0.9984803795814514
1119,SA01,1,1,0.9988067150115967
1120,SA01,1,1,0.9991486072540283
1121,SA01,1,1,0.9995410442352295
1122,SA01,1,1,0.9992840886116028
1123,SA01,1,1,0.9924570322036743
1124,SA01,1,1,0.9988883137702942
1125,SA01,1,1,0.9999855756759644
1126,SA01,1,1,0.9958770275115967
1127,SA01,1,1,0.9768912196159363
1128,SA01,1,1,1.0
1129,SA01,1,1,1.0
1130,SA01,1,1,0.9999998807907104
1131,SA01,1,1,1.0
1132,SA01,1,1,1.0
1133,SA01,1,1,1.0
1134,SA01,1,1,0.9999978542327881
1135,SA01,1,1,0.9999996423721313
1136,SA01,1,1,0.9999996423721313
1137,SA01,1,1,0.9999997615814209
1138,SA01,1,1,0.9999164342880249
1139,SA01,1,1,0.999976634979248
1140,SA01,1,1,0.9999797344207764
1141,SA01,1,1,0.9999738931655884
1142,SA01,1,1,0.9999502897262573
1143,SA01,1,1,0.999997615814209
1144,SA01,1,1,1.0
1145,SA01,1,1,0.9999829530715942
1146,SA01,1,1,0.9999970197677612
1147,SA01,1,1,0.9999996423721313
1148,SA01,1,0,4.392717983137118e-06
1149,SA01,1,0,0.0001423495850758627
1150,SA01,1,0,0.0012546757934615016
1151,SA01,1,0,0.0017406955594196916
1152,SA01,1,0,0.0006469599902629852
1153,SA01,1,0,0.0051283687353134155
1154,SA01,1,1,0.896830677986145
1155,SA01,1,1,0.9995867609977722
1156,SA01,1,0,0.2907160520553589
1157,SA01,1,0,0.3693813979625702
1158,SA01,1,1,0.9999973773956299
1159,SA01,1,1,0.9999988079071045
1160,SA01,1,1,0.9999977350234985
1161,SA01,1,1,0.999995231628418
1162,SA01,1,1,0.9403852820396423
1163,SA01,1,1,0.9988742470741272
1164,SA01,1,1,0.9999746084213257
1165,SA01,1,1,0.9999979734420776
1166,SA01,1,1,0.9999949932098389
1167,SA01,1,1,0.9999926090240479
1168,SA01,1,1,0.9998680353164673
1169,SA01,1,1,0.9999557733535767
1170,SA01,1,1,0.9999773502349854
1171,SA01,1,1,0.99996018409729
1172,SA01,1,1,0.999953031539917
1173,SA01,1,1,0.999118983745575
1174,SA01,1,1,0.9999977350234985
1175,SA01,1,1,0.9994696974754333
1176,SA01,1,1,0.9997631907463074
1177,SA01,1,1,0.9996066689491272
1178,SA01,1,1,0.999968409538269
1179,SA01,1,1,0.9999605417251587
1180,SA01,1,1,0.9999793767929077
1181,SA01,1,1,0.999988317489624
1182,SA01,1,1,0.9999877214431763
1183,SA01,1,1,0.9999628067016602
1184,SA01,1,1,0.9972915053367615
1185,SA01,1,1,0.9996329545974731
1186,SA01,1,1,0.9804705381393433
1187,SA01,1,1,0.9687502384185791
1188,SA01,1,1,0.999966025352478
1189,SA01,1,1,0.9999302625656128
1190,SA01,1,1,0.9999878406524658
1191,SA01,1,1,0.9999964237213135
1192,SA01,1,1,0.9999794960021973
1193,SA01,1,1,0.9895241856575012
1194,SA01,1,1,0.9999797344207764
1195,SA01,1,1,0.9996724128723145
1196,SA01,1,1,0.9996750354766846
1197,SA01,1,1,0.9991247057914734
1198,SA01,1,1,0.9999954700469971
1199,SA01,1,1,0.9999960660934448
1200,SA01,1,1,0.9999940395355225
1201,SA01,1,1,0.9999947547912598
1202,SA01,1,1,0.9999886751174927
1203,SA01,1,1,0.9975789189338684
1204,SA01,1,1,0.999901294708252
1205,SA01,1,1,0.9899870753288269
1206,SA01,1,1,0.9914195537567139
1207,SA01,1,1,0.9876920580863953
1208,SA01,1,1,0.9999992847442627
1209,SA01,1,1,0.9999996423721313
1210,SA01,1,1,0.9999994039535522
1211,SA01,1,1,0.9999995231628418
1212,SA01,1,1,0.999996542930603
1213,SA01,1,1,0.9999974966049194
1214,SA01,1,1,0.999996542930603
1215,SA01,1,1,0.999997615814209
1216,SA01,1,1,0.9999992847442627
1217,SA01,1,1,0.9999995231628418
1218,SA01,1,1,0.9999428987503052
1219,SA01,1,1,0.9999719858169556
1220,SA01,1,1,0.9999818801879883
1221,SA01,1,1,0.9999849796295166
1222,SA01,1,1,0.9999607801437378
1223,SA01,1,1,0.9992861151695251
1224,SA01,1,1,0.9994814991950989
1225,SA01,1,1,0.9995311498641968
1226,SA01,1,1,0.9996026158332825
1227,SA01,1,1,0.9993377327919006
1228,SA01,1,1,0.9999362230300903
1229,SA01,1,1,0.9999793767929077
1230,SA01,1,1,0.9999237060546875
1231,SA01,1,1,0.9996274709701538
1232,SA01,1,1,0.9994869232177734
1233,SA01,1,1,0.9980601668357849
1234,SA01,1,1,0.999998927116394
1235,SA01,1,1,0.9994513392448425
1236,SA01,1,1,0.9997938275337219
1237,SA01,1,1,0.9998090863227844
1238,SA01,1,1,0.9999910593032837
1239,SA01,1,1,0.9999994039535522
1240,SA01,1,1,0.9999964237213135
1241,SA01,1,1,0.9999957084655762
1242,SA01,1,1,0.9999984502792358
1243,SA01,1,1,0.9999961853027344
1244,SA01,1,1,1.0
1245,SA01,1,1,0.9999964237213135
1246,SA01,1,1,0.9999963045120239
1247,SA01,1,1,0.9999978542327881
1248,SA01,1,1,0.9999946355819702
1249,SA01,1,1,0.9999880790710449
1250,SA01,1,1,0.999987006187439
1251,SA01,1,1,0.999984860420227
1252,SA01,1,1,0.9999909400939941
1253,SA01,1,1,0.9996154308319092
1254,SA01,1,1,0.9999990463256836
1255,SA01,1,1,0.9997612833976746
1256,SA01,1,1,0.9999096393585205
1257,SA01,1,1,0.9999252557754517
1258,SA01,1,1,1.0
1259,SA01,1,1,1.0
1260,SA01,1,1,1.0
1261,SA01,1,1,1.0
1262,SA01,1,1,1.0
1263,SA01,1,1,0.9999998807907104
1264,SA01,1,1,1.0
1265,SA01,1,1,1.0
1266,SA01,1,1,1.0
1267,SA01,1,1,1.0
1268,SA01,1,1,1.0
1269,SA01,1,1,0.9999998807907104
1270,SA01,1,1,0.9999996423721313
1271,SA01,1,1,0.9999972581863403
1272,SA01,1,1,0.9998594522476196
1273,SA01,1,1,1.0
1274,SA01,1,1,1.0
1275,SA01,1,1,1.0
1276,SA01,1,1,1.0
1277,SA01,1,1,1.0
1278,SA01,1,1,0.9999995231628418
1279,SA01,1,1,0.9999998807907104
1280,SA01,1,1,0.9999994039535522
1281,SA01,1,1,0.9999996423721313
1282,SA01,1,1,0.9998109936714172
1283,SA01,1,1,0.9999995231628418
1284,SA01,1,1,1.0
1285,SA01,1,1,1.0
1286,SA01,1,1,1.0
1287,SA01,1,1,1.0
1288,SA01,1,1,0.9999992847442627
1289,SA01,1,1,0.999998927116394
1290,SA01,1,1,0.9999997615814209
1291,SA01,1,1,0.9999978542327881
1292,SA01,1,1,0.999810516834259
1293,SA01,1,1,0.9999997615814209
1294,SA01,1,1,0.9999998807907104
1295,SA01,1,1,1.0
1296,SA01,1,1,0.9999998807907104
1297,SA01,1,1,0.9999998807907104
1298,SA01,1,1,0.9999985694885254
1299,SA01,1,1,0.9999990463256836
1300,SA01,1,1,0.9999990463256836
1301,SA01,1,1,0.9999997615814209
1302,SA01,1,1,0.9983221888542175
1303,SA01,1,1,0.9999996423721313
1304,SA01,1,1,1.0
1305,SA01,1,1,1.0
1306,SA01,1,1,1.0
1307,SA01,1,1,1.0
1308,SA01,1,1,0.9999991655349731
1309,SA01,1,1,0.9999997615814209
1310,SA01,1,1,0.9999998807907104
1311,SA01,1,1,0.9999998807907104
1312,SA01,1,1,0.999988317489624
1313,SA01,1,1,0.9994605183601379
1314,SA01,1,1,0.999510645866394
1315,SA01,1,1,0.991536021232605
1316,SA01,1,1,0.9936322569847107
1317,SA01,1,1,0.9949553608894348
1318,SA01,1,1,0.9999982118606567
1319,SA01,1,1,0.9999988079071045
1320,SA01,1,1,0.9999996423721313
1321,SA01,1,1,0.9999978542327881
1322,SA01,1,1,0.9999991655349731
1323,SA01,1,1,0.9999781847000122
1324,SA01,1,1,0.9999152421951294
1325,SA01,1,1,0.9999508857727051
1326,SA01,1,1,0.9999561309814453
1327,SA01,1,1,0.9999556541442871
1328,SA01,1,1,0.999991774559021
1329,SA01,1,1,0.9999985694885254
1330,SA01,1,1,0.9999982118606567
1331,SA01,1,1,0.9999986886978149
1332,SA01,1,1,0.9999958276748657
1333,SA01,1,1,0.9999408721923828
1334,SA01,1,1,0.9999343156814575
1335,SA01,1,1,0.9999829530715942
1336,SA01,1,1,0.996241569519043
1337,SA01,1,1,0.9955436587333679
1338,SA01,1,1,0.999984860420227
1339,SA01,1,1,0.9999849796295166
1340,SA01,1,1,0.9999984502792358
1341,SA01,1,1,0.9999990463256836
1342,SA01,1,1,0.9999978542327881
1343,SA01,1,1,0.9988504648208618
1344,SA01,1,1,0.9999619722366333
1345,SA01,1,1,0.9989379048347473
1346,SA01,1,1,0.9958142638206482
1347,SA01,1,1,0.9975263476371765
1348,SA01,1,1,0.9999792575836182
1349,SA01,1,1,0.9999970197677612
1350,SA01,1,1,0.9999940395355225
1351,SA01,1,1,0.9999828338623047
1352,SA01,1,1,0.9999924898147583
1353,SA01,1,1,0.9999878406524658
1354,SA01,1,1,0.9998039603233337
1355,SA01,1,1,0.9997159838676453
1356,SA01,1,1,0.8733590841293335
1357,SA01,1,1,0.8955862522125244
1358,SA01,1,1,0.9999996423721313
1359,SA01,1,1,0.9999986886978149
1360,SA01,1,1,0.9999990463256836
1361,SA01,1,1,0.9999996423721313
1362,SA01,1,1,0.9999899864196777
1363,SA01,1,1,0.9999947547912598
1364,SA01,1,1,0.9999946355819702
1365,SA01,1,1,0.9995310306549072
1366,SA01,1,1,0.9994788765907288
1367,SA01,1,1,0.99968421459198
1368,SA01,1,1,0.9998185038566589
1369,SA01,1,1,0.9999042749404907
1370,SA01,1,1,0.999957799911499
1371,SA01,1,1,0.9999767541885376
1372,SA01,1,1,0.9999784231185913
1373,SA01,1,1,0.9996083378791809
1374,SA01,1,1,0.9998887777328491
1375,SA01,1,1,0.9999951124191284
1376,SA01,1,1,0.5777727365493774
1377,SA01,1,1,0.5527437329292297
1378,SA01,1,1,0.999451220035553
1379,SA01,1,1,0.9997031092643738
1380,SA01,1,1,0.9989199638366699
1381,SA01,1,1,0.9967999458312988
1382,SA01,1,1,0.9994229078292847
1383,SA01,1,1,0.9994376301765442
1384,SA01,1,1,0.9832431674003601
1385,SA01,1,1,0.996648371219635
1386,SA01,1,1,0.9939318895339966
1387,SA01,1,0,0.06040189787745476
1388,SA01,1,1,0.9998693466186523
1389,SA01,1,1,0.9999425411224365
1390,SA01,1,1,0.9999169111251831
1391,SA01,1,1,0.9999595880508423
1392,SA01,1,1,0.9999698400497437
1393,SA01,1,1,0.9994261264801025
1394,SA01,1,1,0.9988704323768616
1395,SA01,1,1,0.9998630285263062
1396,SA01,1,1,0.7900201678276062
1397,SA01,1,1,0.7989757061004639
1398,SA01,1,1,0.9999755620956421
1399,SA01,1,1,0.9999102354049683
1400,SA01,1,1,0.9999709129333496
1401,SA01,1,1,0.9999790191650391
1402,SA01,1,1,0.9991148114204407
1403,SA01,1,1,0.9311893582344055
1404,SA01,1,1,0.9698259234428406
1405,SA01,1,1,0.8672144412994385
1406,SA01,1,1,0.8840421438217163
1407,SA01,1,1,0.7202399969100952
1408,SA01,1,1,0.9999998807907104
1409,SA01,1,1,1.0
1410,SA01,1,1,0.9999991655349731
1411,SA01,1,1,0.9999983310699463
1412,SA01,1,1,1.0
1413,SA01,1,1,0.9999995231628418
1414,SA01,1,1,0.9999998807907104
1415,SA01,1,1,0.9999998807907104
1416,SA01,1,1,0.9999998807907104
1417,SA01,1,1,0.9999998807907104
1418,SA01,1,1,0.9999997615814209
1419,SA01,1,1,0.9999998807907104
1420,SA01,1,1,0.9999985694885254
1421,SA01,1,1,0.9999821186065674
1422,SA01,1,1,0.9999983310699463
1423,SA01,1,1,0.9999936819076538
1424,SA01,1,1,0.9999984502792358
1425,SA01,1,1,0.9999980926513672
1426,SA01,1,1,0.9999988079071045
1427,SA01,1,1,0.999998927116394
1428,SA01,1,1,0.9998005032539368
1429,SA01,1,1,0.9995953440666199
1430,SA01,1,1,0.9992169141769409
1431,SA01,1,1,0.9963262677192688
1432,SA01,1,1,0.9974400997161865
1433,SA01,1,1,0.9999496936798096
1434,SA01,1,1,0.9998258948326111
1435,SA01,1,1,0.9999245405197144
1436,SA01,1,1,0.999948263168335
1437,SA01,1,1,0.9999545812606812
1438,SA01,1,1,0.9904235005378723
1439,SA01,1,1,0.997041642665863
1440,SA01,1,1,0.997899055480957
1441,SA01,1,1,0.9644926190376282
1442,SA01,1,1,0.9854313135147095
1443,SA01,1,1,0.9996127486228943
1444,SA01,1,1,0.9997479319572449
1445,SA01,1,1,0.9997864365577698
1446,SA01,1,1,0.9997685551643372
1447,SA01,1,1,0.9998088479042053
1448,SA01,1,1,0.9926213026046753
1449,SA01,1,1,0.9896920323371887
1450,SA01,1,1,0.9889722466468811
1451,SA01,1,1,0.9933910369873047
1452,SA01,1,1,0.9960887432098389
1453,SA01,1,1,0.9726260900497437
1454,SA01,1,1,0.5277286171913147
1455,SA01,1,1,0.7985588908195496
1456,SA01,1,1,0.8504762053489685
1457,SA01,1,1,0.8324803113937378
1458,SA01,1,1,1.0
1459,SA01,1,1,1.0
1460,SA01,1,1,1.0
1461,SA01,1,1,0.9999997615814209
1462,SA01,1,1,0.9999915361404419
1463,SA01,1,1,0.9999744892120361
1464,SA01,1,1,0.9999932050704956
1465,SA01,1,1,0.9999879598617554
1466,SA01,1,1,0.9999901056289673
1467,SA01,1,1,0.9999935626983643
1468,SA01,1,1,0.9964302182197571
1469,SA01,1,1,0.9991735816001892
1470,SA01,1,1,0.9986322522163391
1471,SA01,1,1,0.996006429195404
1472,SA01,1,1,0.9996021389961243
1473,SA01,1,1,0.9999599456787109
1474,SA01,1,1,0.9999834299087524
1475,SA01,1,1,0.9993836879730225
1476,SA01,1,1,0.8790535926818848
1477,SA01,1,1,0.8155522346496582
1478,SA01,1,1,0.9999997615814209
1479,SA01,1,1,0.9999996423721313
1480,SA01,1,1,0.9999995231628418
1481,SA01,1,1,0.9999992847442627
1482,SA01,1,1,0.9999996423721313
1483,SA01,1,1,0.9998549222946167
1484,SA01,1,1,0.9840977787971497
1485,SA01,1,1,0.9987806677818298
1486,SA01,1,1,0.9981369972229004
1487,SA01,1,1,0.9984009861946106
1488,SA01,1,1,0.9559444189071655
1489,SA01,1,1,0.9606972932815552
1490,SA01,1,1,0.984379768371582
1491,SA01,1,1,0.9930900931358337
1492,SA01,1,1,0.9974651336669922
1493,SA01,1,1,0.9968701004981995
1494,SA01,1,1,0.9999911785125732
1495,SA01,1,1,0.9999347925186157
1496,SA01,1,0,0.24605871737003326
1497,SA01,1,0,0.394134521484375
1498,SA01,1,1,0.9997947812080383
1499,SA01,1,1,0.9997075200080872
1500,SA01,1,1,0.9997151494026184
1501,SA01,1,1,0.9994556307792664
1502,SA01,1,1,0.9986029267311096
1503,SA01,1,1,0.9996539354324341
1504,SA01,1,1,0.9993791580200195
1505,SA01,1,1,0.9728536009788513
1506,SA01,1,1,0.967517077922821
1507,SA01,1,1,0.9616222977638245
1508,SA01,1,1,1.0
1509,SA01,1,1,1.0
1510,SA01,1,1,0.9999361038208008
1511,SA01,1,1,0.9994257688522339
1512,SA01,1,1,0.9984138011932373
1513,SA01,1,1,0.9999035596847534
1514,SA01,1,1,0.9999198913574219
1515,SA01,1,1,0.999889612197876
1516,SA01,1,1,0.9999327659606934
1517,SA01,1,1,0.9999473094940186
1518,SA01,1,1,0.9999994039535522
1519,SA01,1,1,0.9999996423721313
1520,SA01,1,1,0.9999947547912598
1521,SA01,1,1,0.9995057582855225
1522,SA01,1,1,0.9978378415107727
1523,SA01,1,1,0.9976353645324707
1524,SA01,1,1,0.9952425956726074
1525,SA01,1,1,0.8968656063079834
1526,SA01,1,1,0.9612507224082947
1527,SA01,1,1,0.9673821926116943
1528,SA01,1,1,0.9999816417694092
1529,SA01,1,1,0.9999830722808838
1530,SA01,1,1,0.9999516010284424
1531,SA01,1,1,0.997588038444519
1532,SA01,1,1,0.9986178874969482
1533,SA01,1,1,0.9999984502792358
1534,SA01,1,1,0.9999979734420776
1535,SA01,1,1,0.9990785121917725
1536,SA01,1,1,0.9991129040718079
1537,SA01,1,1,0.9996086955070496
1538,SA01,1,1,0.9999212026596069
1539,SA01,1,1,0.999932050704956
1540,SA01,1,1,0.9999170303344727
1541,SA01,1,1,0.998421311378479
1542,SA01,1,1,0.998696506023407
1543,SA01,1,1,0.999977707862854
1544,SA01,1,1,0.9999637603759766
1545,SA01,1,1,0.9941296577453613
1546,SA01,1,1,0.9947994947433472
1547,SA01,1,1,0.9957642555236816
1548,SA01,1,1,0.9999511241912842
1549,SA01,1,1,0.9999769926071167
1550,SA01,1,1,0.9999762773513794
1551,SA01,1,1,0.9999048709869385
1552,SA01,1,1,0.986017644405365
1553,SA01,1,1,0.945200502872467
1554,SA01,1,1,0.9996761083602905
1555,SA01,1,1,0.9999091625213623
1556,SA01,1,1,0.9996562004089355
1557,SA01,1,1,0.9997453093528748
1558,SA01,1,1,0.8971798419952393
1559,SA01,1,1,0.8108085989952087
1560,SA01,1,1,0.9413111209869385
1561,SA01,1,1,0.5200878381729126
1562,SA01,1,1,0.9857284426689148
1563,SA01,1,1,0.9699360132217407
1564,SA01,1,1,0.9927195310592651
1565,SA01,1,1,0.9233715534210205
1566,SA01,1,1,0.9544576406478882
1567,SA01,1,1,0.9638282656669617
1568,SA01,1,1,0.8942162990570068
1569,SA01,1,1,0.9365780353546143
1570,SA01,1,1,0.9877089262008667
1571,SA01,1,1,0.9999998807907104
1572,SA01,1,1,0.9999998807907104
1573,SA01,1,1,0.9995589852333069
1574,SA01,1,1,0.9998807907104492
1575,SA01,1,1,0.999929666519165
1576,SA01,1,1,0.9997444748878479
1577,SA01,1,1,0.9994327425956726
1578,SA01,1,0,0.3443271517753601
1579,SA01,1,0,0.3058309853076935
1580,SA01,1,0,0.19312214851379395
1581,SA01,1,0,0.06925605982542038
1582,SA01,1,0,0.06253106892108917
1583,SA01,1,1,0.9940280914306641
1584,SA01,1,1,0.9991384744644165
1585,SA01,1,1,0.7627356648445129
1586,SA01,1,0,0.3758482038974762
1587,SA01,1,1,0.652655839920044
1588,SA01,1,1,0.9985295534133911
1589,SA01,1,1,0.9994235038757324
1590,SA01,1,1,0.9982629418373108
1591,SA01,1,1,0.997005045413971
1592,SA01,1,1,0.9998555183410645
1593,SA01,1,1,0.9992239475250244
1594,SA01,1,1,0.9945571422576904
1595,SA01,1,1,0.994785487651825
1596,SA01,1,1,0.9979111552238464
1597,SA01,1,1,0.9985895752906799
1598,SA01,1,1,0.9497132301330566
1599,SA01,1,1,0.940045177936554
1600,SA01,1,1,0.9529903531074524
1601,SA01,1,1,0.9826535582542419
1602,SA01,1,1,0.9922479391098022
1603,SA01,1,1,0.9998973608016968
1604,SA01,1,1,0.9819113612174988
1605,SA01,1,1,0.9867383241653442
1606,SA01,1,1,0.9789207577705383
1607,SA01,1,1,0.9120659232139587
1608,SA01,1,1,0.9998838901519775
1609,SA01,1,1,0.9999158382415771
1610,SA01,1,1,0.9997878670692444
1611,SA01,1,1,0.9999942779541016
1612,SA01,1,1,0.9999997615814209
1613,SA01,1,1,0.9999690055847168
1614,SA01,1,1,0.9999868869781494
1615,SA01,1,1,0.9999768733978271
1616,SA01,1,1,0.9999791383743286
1617,SA01,1,1,0.9999854564666748
1618,SA01,1,1,0.990982711315155
1619,SA01,1,1,0.9906976819038391
1620,SA01,1,1,0.9951947331428528
1621,SA01,1,1,0.9745804667472839
1622,SA01,1,1,0.9901505708694458
1623,SA01,1,1,0.9974446296691895
1624,SA01,1,1,0.9849227666854858
1625,SA01,1,1,0.9953258037567139
1626,SA01,1,1,0.9904854893684387
1627,SA01,1,1,0.9940657615661621
1628,SA01,1,1,0.9993619322776794
1629,SA01,1,1,0.9995790123939514
1630,SA01,1,1,0.999082088470459
1631,SA01,1,1,0.9999995231628418
1632,SA01,1,1,1.0
1633,SA01,1,1,0.9999710321426392
1634,SA01,1,1,0.9999442100524902
1635,SA01,1,1,0.9999275207519531
1636,SA01,1,1,0.9999494552612305
1637,SA01,1,1,0.9999086856842041
1638,SA01,1,1,0.9997504353523254
1639,SA01,1,1,0.9996697902679443
1640,SA01,1,1,0.9963659048080444
1641,SA01,1,1,0.9999932050704956
1642,SA01,1,1,0.9999996423721313
1643,SA01,1,1,0.9999662637710571
1644,SA01,1,1,0.9999836683273315
1645,SA01,1,1,0.9999852180480957
1646,SA01,1,1,0.9999819993972778
1647,SA01,1,1,0.9999732971191406
1648,SA01,1,1,0.9966362714767456
1649,SA01,1,1,0.9982346296310425
1650,SA01,1,1,0.9987133741378784
1651,SA01,1,1,0.9918007254600525
1652,SA01,1,1,0.9999868869781494
1653,SA01,1,1,0.9999991655349731
1654,SA01,1,1,0.9998260140419006
1655,SA01,1,1,0.9999030828475952
1656,SA01,1,1,0.9999076128005981
1657,SA01,1,1,0.9999085664749146
1658,SA01,1,1,0.9999998807907104
1659,SA01,1,1,1.0
1660,SA01,1,1,0.9999985694885254
1661,SA01,1,1,0.9998714923858643
1662,SA01,1,1,0.9999994039535522
1663,SA01,1,1,0.9999991655349731
1664,SA01,1,1,0.9999994039535522
1665,SA01,1,1,0.999998927116394
1666,SA01,1,1,0.999998927116394
1667,SA01,1,1,0.9999990463256836
1668,SA01,1,1,0.9999806880950928
1669,SA01,1,1,0.9999749660491943
1670,SA01,1,1,0.9999752044677734
1671,SA01,1,1,0.9993305206298828
1672,SA01,1,0,0.20405344665050507
1673,SA01,1,1,0.9959969520568848
1674,SA01,1,1,0.9993466734886169
1675,SA01,1,1,0.9985538125038147
1676,SA01,1,1,0.9988409876823425
1677,SA01,1,1,0.9989018440246582
1678,SA01,1,1,0.9998593330383301
1679,SA01,1,1,0.9999005794525146
1680,SA01,1,1,0.9999278783798218
1681,SA01,1,1,0.9999758005142212
1682,SA01,1,1,0.9997960925102234
1683,SA01,1,1,0.9992148876190186
1684,SA01,1,1,0.9999139308929443
1685,SA01,1,1,0.9999082088470459
1686,SA01,1,1,0.9999209642410278
1687,SA01,1,1,0.9999043941497803
1688,SA01,1,1,0.9999942779541016
1689,SA01,1,1,0.9999953508377075
1690,SA01,1,1,0.9999971389770508
1691,SA01,1,1,0.9999490976333618
1692,SA01,1,1,0.9871231317520142
1693,SA01,1,1,0.9791743159294128
1694,SA01,1,1,0.9982755184173584
1695,SA01,1,1,0.999593198299408
1696,SA01,1,1,0.9987624883651733
1697,SA01,1,1,0.9993833303451538
1698,SA01,1,1,0.999843955039978
1699,SA01,1,1,0.9999521970748901
1700,SA01,1,1,0.9999591112136841
1701,SA01,1,1,0.9998701810836792
1702,SA01,1,1,0.9999620914459229
1703,SA01,1,1,0.8704080581665039
1704,SA01,1,1,0.9694858193397522
1705,SA01,1,1,0.9968507885932922
1706,SA01,1,1,0.9863314628601074
1707,SA01,1,1,0.9895497560501099
1708,SA01,1,1,0.9962543249130249
1709,SA01,1,1,0.9975147247314453
1710,SA01,1,1,0.9960201382637024
1711,SA01,1,1,0.9668221473693848
1712,SA01,1,1,0.9998979568481445
1713,SA01,1,1,1.0
1714,SA01,1,1,0.9994879961013794
1715,SA01,1,1,0.9993048906326294
1716,SA01,1,1,0.9997367262840271
1717,SA01,1,1,0.9997618794441223
1718,SA01,1,1,0.9999865293502808
1719,SA01,1,1,0.9999580383300781
1720,SA01,1,1,0.9999896287918091
1721,SA01,1,1,0.9999995231628418
1722,SA01,1,1,0.9999998807907104
1723,SA01,1,1,0.9999901056289673
1724,SA01,1,1,0.9999758005142212
1725,SA01,1,1,0.9999905824661255
1726,SA01,1,1,0.9999877214431763
1727,SA01,1,1,0.9999877214431763
1728,SA01,1,1,0.9939786195755005
1729,SA01,1,1,0.9928603768348694
1730,SA01,1,1,0.9955359697341919
1731,SA01,1,1,0.9958332180976868
1732,SA01,1,1,0.9948564767837524
1733,SA01,1,1,0.9999839067459106
1734,SA01,1,1,1.0
1735,SA01,1,1,0.9040818214416504
1736,SA01,1,1,0.9729865193367004
1737,SA01,1,1,0.9843143224716187
1738,SA01,1,1,0.9689540266990662
1739,SA01,1,1,0.9843451380729675
1740,SA01,1,1,0.9876789450645447
1741,SA01,1,1,0.9731483459472656
1742,SA01,1,1,0.9669351577758789
1743,SA01,1,1,0.9044517278671265
1744,SA01,1,1,0.9999983310699463
1745,SA01,1,1,0.9999996423721313
1746,SA01,1,1,0.9500919580459595
1747,SA01,1,1,0.9575743675231934
1748,SA01,1,1,0.9801943302154541
1749,SA01,1,1,0.9565410614013672
1750,SA01,1,1,0.9736664891242981
1751,SA01,1,1,0.9514044523239136
1752,SA01,1,0,0.28667429089546204
1753,SA01,1,1,0.9999802112579346
1754,SA01,1,1,1.0
1755,SA01,1,1,0.9968794584274292
1756,SA01,1,1,0.9971266388893127
1757,SA01,1,1,0.9968275427818298
1758,SA01,1,1,0.9998195767402649
1759,SA01,1,1,0.9999110698699951
1760,SA01,1,1,0.9999691247940063
1761,SA01,1,1,0.9979783892631531
1762,SA01,1,1,0.9362024664878845
1763,SA01,1,1,0.9499866366386414
1764,SA01,1,1,0.9986236095428467
1765,SA01,1,1,0.9988893866539001
1766,SA01,1,1,0.9986163377761841
1767,SA01,1,1,0.999108612537384
1768,SA01,1,1,0.6656281352043152
1769,SA01,1,1,0.7549954652786255
1770,SA01,1,1,0.7685806751251221
1771,SA01,1,0,0.46049419045448303
1772,SA01,1,0,0.24137437343597412
1773,SA01,1,1,0.996057391166687
1774,SA01,1,1,0.99965500831604
1775,SA01,1,1,0.884808361530304
1776,SA01,1,1,0.8640192151069641
1777,SA01,1,1,0.9417266249656677
1778,SA01,1,0,0.35238248109817505
1779,SA01,1,0,0.30359500646591187
1780,SA01,1,0,0.24459652602672577
1781,SA01,1,0,0.13561241328716278
1782,SA01,1,1,0.5119982361793518
1783,SA01,1,1,0.9307692646980286
1784,SA01,1,0,0.09657079726457596
1785,SA01,1,0,0.35489439964294434
1786,SA01,1,0,0.25387802720069885
1787,SA01,1,0,0.3226700723171234
1788,SA01,1,1,0.5820805430412292
1789,SA01,1,1,0.7273256778717041
1790,SA01,1,1,0.7038634419441223
1791,SA01,1,0,0.13897956907749176
1792,SA01,1,0,0.28997698426246643
1793,SA01,1,1,0.9877135753631592
1794,SA01,1,1,0.9991262555122375
1795,SA01,1,1,0.9148836731910706
1796,SA01,1,1,0.9620638489723206
1797,SA01,1,1,0.9874730110168457
1798,SA01,1,1,1.0
1799,SA01,1,1,1.0
1800,SA01,1,1,1.0
1801,SA01,1,1,1.0
1802,SA01,1,1,1.0
1803,SA01,1,1,1.0
1804,SA01,1,1,1.0
1805,SA01,1,1,1.0
1806,SA01,1,1,1.0
1807,SA01,1,1,1.0
